-4.1554	1.219
-5.3954	-0.0021661
-5.1717	2.3189
-5.604	0.14759
-6.0906	1.6786
-5.5572	-1.6289
-8.327	-0.36936
-7.3654	-1.3684
-5.5256	0.96421
-8.3434	-1.6078
-6.8697	-0.11976
-5.219	-1.5062
-4.3789	2.7823
-4.5083	-0.90875
-6.8237	0.34756
-5.3557	-0.50957
-5.4467	2.0695
-4.1838	0.37594
-9.6028	-0.85386
-5.0259	3.2101
-6.0865	-1.3693
-2.8344	3.2233
-5.4114	0.098376
-4.33	1.2923
-7.1874	-1.137
-4.1581	2.3529
-4.4742	0.23849
-10.793	-2.4385
-6.9916	-1.7225
-5.6986	-0.31446
-5.1048	1.5988
-7.5907	-0.82464
-5.1227	0.68237
-5.991	-1.8301
-9.0754	-0.47294
-6.737	-1.1266
-3.8971	2.0911
-4.5487	-1.1961
-8.3691	-3.8435
-4.4057	-0.052463
-4.6962	0.94984
-7.3798	-1.7661
-8.05	-0.81652
-8.0925	-0.89318
-5.0914	-0.056348
-5.9903	-1.4462
-5.219	-1.5895
-6.43	-0.97713
-5.4753	-0.40181
-6.2681	-0.14682
-7.685	-1.0349
-6.2103	-1.2501
-4.6252	2.7852
-4.2232	1.9199
-5.8664	4.3284
-7.3656	0.53496
-6.5662	-1.5545
-7.72	-1.9629
-4.8797	0.89147
-5.934	0.51038
-5.8708	0.48224
-7.9592	-2.5972
-8.1596	-2.3658
-4.5162	1.8878
-3.9723	0.66248
-7.1328	-2.0051
-7.8333	-1.4489
-8.6377	-2.9201
-3.4093	2.4785
-5.3855	1.5485
-8.084	-2.692
-6.9434	1.1494
-5.3992	-1.1055
-5.4127	0.52144
-5.0013	1.6954
-4.3851	-0.74402
-4.01	0.77777
-6.9817	-0.26926
-5.8977	-0.63556
-5.215	-0.18569
-7.2084	-1.2927
-9.9015	-3.1012
-6.6434	-1.9741
-6.3599	-0.17872
-7.1363	0.94434
-4.6526	1.6725
-5.1824	-0.83451
-7.5039	-1.0468
-6.4093	0.3744
-5.4567	-0.366
-6.2796	-0.65746
-6.9001	0.19932
-6.1244	1.0971
-5.2718	1.7001
-8.2645	-1.4105
-7.8573	-2.7348
-4.2797	0.10008
-4.7758	1.1635
-6.3998	-1.0267
-4.3685	4.2603
-4.8985	1.5193
-6.9016	0.1483
-6.776	0.54712
-6.6542	-1.7081
-3.8578	1.7092
-3.9794	0.46402
-5.737	-1.6465
-5.4681	1.6963
-7.383	-0.53843
-9.0967	-0.2159
-6.4264	-0.82013
-5.9007	0.66641
-5.1594	-0.63159
-8.2217	-1.8896
-4.7569	1.7259
-6.2602	-2.5475
-5.8819	-1.3749
-8.2461	-1.9936
-8.2832	-0.42439
-6.0078	0.094099
-4.699	0.26886
-5.394	2.4951
-6.5728	1.7365
-5.6536	0.34202
-5.7948	-2.295
-4.3688	3.4436
-5.6665	0.02959
-5.7045	-1.343
-7.0472	-3.1341
-5.0137	0.85571
-7.0972	0.058439
-4.4904	1.9852
-5.7055	0.35998
-5.6845	-1.2024
-6.7366	0.55754
-9.0181	-1.7196
-3.9125	0.80769
-8.6207	-2.814
-4.625	2.4829
-4.726	0.21761
-3.4728	2.3133
-3.5691	1.8655
-9.3515	-2.3414
-8.1083	-3.3435
-5.3736	-1.6475
-6.8719	-1.3257
-7.7808	-1.9343
-8.3589	-0.51939
-3.5399	0.97973
-5.0423	-0.60714
-4.1166	-0.49478
-6.7539	0.26871
-7.0333	-1.1651
-5.3118	-0.21404
-6.594	0.29974
-8.0206	-2.7529
-7.4332	1.678
-3.894	0.046238
-8.7193	-2.3009
-4.1039	0.98537
-8.6034	-0.5407
-5.4026	-0.30551
-5.1157	-0.95604
-4.5505	-0.47458
-7.3866	2.0535
-6.3199	-0.67824
-5.26	-0.96255
-5.8312	1.1159
-7.1059	-0.032469
-4.7554	2.381
-7.1186	-2.287
-7.3141	-0.69704
-4.2983	1.1888
-6.9405	0.09678
-4.7359	-0.3005
-8.6359	-3.1435
-5.4235	1.1075
-4.6843	2.0844
-5.1212	-0.062958
-5.7476	-0.68069
-7.511	-4.0917
-5.7764	-0.94567
-5.0383	3.3728
-7.51	0.90189
-5.2872	0.33902
-2.9801	4.0603
-6.6416	-2.4695
-4.3736	1.9068
-7.2689	-0.72486
-6.9924	-1.1133
-7.4919	-0.66008
-6.1321	-1.2504
-6.6713	1.2
-6.6356	-0.077804
-3.8265	1.2812
-6.6618	0.17312
-5.0688	0.44261
-5.4555	0.55097
-4.4577	-0.45474
-7.7253	-1.6575
-6.1671	1.3615
-5.5695	-0.63424
-5.8632	-1.7087
-6.418	0.10107
-6.2246	-0.70042
-7.7382	0.63894
-5.7285	1.7289
-4.7752	-0.36194
-5.6833	-0.66435
-3.9875	0.46499
-4.5295	1.1458
-5.4439	0.081043
-4.2091	1.655
-6.5401	0.88107
-7.2162	-0.64316
-5.7656	2.2837
-4.8759	2.7874
-8.5203	-2.3723
-6.8713	-3.3364
-6.675	-0.77013
-4.5374	-1.6435
-5.5148	2.6435
-7.7927	-0.1509
-6.5583	-0.64404
-9.549	-1.825
-5.3078	1.8565
-3.5067	2.8304
-5.3359	-1.8781
-4.6535	2.8036
-5.7242	2.2495
-6.5036	1.6816
-5.5591	1.4398
-2.0612	3.8657
-8.2873	-0.087688
-4.5977	-0.98015
-7.1515	-0.46055
-4.4587	-1.624
-9.1022	-2.8863
-7.7683	-2.0602
-7.394	-2.0118
-7.6862	1.8196
-8.2226	-1.4223
-7.0962	-0.28729
-7.2949	-0.21343
-7.9567	-2.989
-6.3853	0.37268
-5.5563	-0.50341
-5.9291	-0.23048
-5.3413	0.56573
-8.4737	-3.9533
-6.1351	-1.218
-5.3271	-0.93801
-4.4348	-3.5211
-3.9547	-0.73553
-4.4386	1.897
-7.8896	-0.98401
