7.1558	1.2891
4.1776	-0.58712
5.6843	-0.9233
4.1603	-1.2793
4.5163	-1.2455
3.7469	-3.3057
5.7986	-1.3607
8.0034	1.1337
5.8307	-0.55091
4.962	-3.6911
7.4256	0.20073
3.6888	-3.6752
5.9629	0.63878
5.932	0.35267
7.955	-0.34238
6.4278	1.3921
6.9411	-0.8996
3.609	-1.2424
6.1816	2.1902
5.4369	-2.2364
5.5994	-0.91815
7.9108	1.2523
3.9929	-2.4075
4.2678	-2.0097
6.0677	1.1175
7.3264	-1.731
4.071	0.10687
4.7617	-1.1572
7.384	0.43585
5.746	0.24512
8.1531	1.1831
8.5519	2.1908
5.2131	-1.0446
7.4214	0.98786
5.8094	-1.0554
4.4674	0.16023
7.8556	2.0895
4.3046	0.25299
7.9284	1.7444
6.105	1.9887
5.8387	-0.62518
5.3436	0.62093
5.0202	-2.1667
6.9317	-0.83118
5.456	3.0458
6.8424	2.882
8.8573	1.2917
5.3625	-0.66621
6.32	-0.45006
7.3106	1.2832
7.5156	0.67543
8.2032	2.9453
7.6074	0.33274
8.7944	3.2472
4.115	-2.5956
7.4151	0.67208
3.942	-2.2755
6.0339	-1.8632
6.1439	0.6241
8.1309	2.6055
5.424	-0.98119
4.8099	-1.1145
5.0669	-0.27706
6.4536	0.72465
4.8955	-2.5282
6.5946	-0.47638
10.496	1.9497
6.4359	0.062793
4.6646	-1.0232
4.1467	-0.64202
5.3372	-1.9555
2.9828	-0.73789
5.0103	-0.59935
5.5478	-0.19171
5.7975	0.43678
6.402	-0.11522
5.3484	0.39413
7.3503	1.3093
4.1598	-0.78657
9.0294	4.008
4.396	-1.0595
6.3006	-1.0895
10.45	0.13412
5.7065	0.15648
5.8287	-1.6262
8.3075	2.335
3.9033	-3.6938
3.0656	-3.7282
5.1163	0.63486
6.6045	-1.4868
6.5034	-0.62779
4.8606	-1.3077
5.691	-0.29864
3.9411	-0.88113
4.697	-0.80901
7.3972	-0.028166
9.3114	-0.47316
7.0443	-0.99674
6.5208	-0.21953
7.8476	0.89195
3.9028	-0.97588
9.2542	1.2938
7.0675	1.3611
8.0377	0.9289
5.8325	-0.75495
5.1185	-0.082416
6.7021	0.54762
6.1188	1.0989
4.5576	-0.10638
4.681	-0.92274
3.4539	-2.101
6.2184	2.6957
4.3578	0.93055
9.4001	0.091349
5.9402	-0.049467
4.4173	-0.015415
7.088	0.38415
4.9769	0.51988
7.1628	2.1174
10.23	2.2519
3.5473	-1.8828
5.0374	-0.35691
4.4676	-2.4006
5.3742	-2.19
5.3296	1.6467
4.0438	0.39795
5.464	0.40018
4.4057	0.75428
7.6558	-1.4942
8.5803	0.9417
7.7933	0.66007
5.0961	0.15828
7.8428	3.2349
5.8373	0.29471
7.2964	0.18127
6.9813	1.095
5.0071	-0.54569
3.8757	-1.8601
2.4466	-2.8457
6.7112	-1.3471
6.2876	-0.33149
6.3749	2.1909
6.0088	-2.0738
3.3934	-1.9029
7.2991	0.79695
4.6852	-0.97788
8.9696	1.2873
5.2827	0.16627
4.1216	-1.7366
5.5175	-0.48534
4.5529	0.037436
5.0618	-3.7869
7.4381	1.3525
5.7881	3.5861
6.4963	1.9184
6.3949	-0.39769
5.7639	-0.30526
8.2596	-0.56125
5.302	-2.0318
5.3229	0.10948
7.5719	4.1369
6.4703	-0.78833
4.4322	-0.48803
4.6418	-0.33467
4.1774	-0.6323
4.1366	-0.54338
6.8401	0.53437
6.4696	-1.5486
5.6746	-3.8823
4.4193	-2.1138
4.2126	-1.3451
4.6366	-1.0273
2.9741	0.4272
5.9293	0.30583
6.684	-2.8413
5.2719	0.26455
4.5264	-0.9449
6.0469	-1.4728
3.7933	0.41645
5.7304	1.5916
8.7879	2.244
6.931	1.6008
4.8265	1.1068
7.0122	1.3628
6.5144	-2.0431
5.0797	0.16731
6.0529	0.16408
7.2565	1.7504
7.5096	0.6271
4.9826	-0.17446
5.8973	-3.8287
4.7938	-1.0762
9.3593	3.3469
9.485	2.5174
6.0224	-1.1906
8.1256	0.62055
8.4552	1.7895
8.1278	2.255
4.3662	-3.6258
6.5031	-0.17663
9.1741	0.32389
6.8277	0.76616
6.4513	0.85104
7.1123	1.8859
7.6617	-1.0391
8.7169	0.44296
4.1807	-2.2641
6.9603	1.2075
7.1845	2.5401
6.8506	0.98137
5.1733	-0.33652
5.6482	-0.63524
7.8662	-0.75386
7.75	1.0697
5.8007	-0.63636
4.7344	0.18231
8.4231	1.4249
5.2174	-0.94098
7.7003	0.86182
8.503	3.5616
4.3522	-3.0307
5.5849	-0.56743
6.1841	-1.3229
6.9168	1.5681
4.0187	-1.0695
6.8172	0.89511
6.0626	-0.078132
6.4065	-1.0445
5.9581	-2.0295
4.2852	-1.4515
5.6179	-0.50763
7.1416	-1.5967
8.9777	4.8054
5.8058	-0.46735
6.4291	-0.72334
6.956	-1.2631
5.1129	1.487
7.0086	0.063357
7.2463	3.6411
6.2124	-2.4385
4.96	1.1074
7.7143	-0.2026
6.2685	0.52605
5.0302	0.24415
7.1149	-0.95343
0.89824	-1.4776
4.5966	-0.40491
7.9233	-0.14886
5.4366	2.116
7.7598	0.79128
6.7172	-1.877
5.5525	-0.56278
6.4695	-2.0454
4.9209	1.1885
6.8332	0.37826
7.5193	-1.0705
